  0.000000E+00  0.637643E-02  0.233813E-01  0.574900E-02  0.215879E-01  0.179998E+03  0.476690E-17
  0.419600E-01  0.575956E-02  0.231937E-01  0.650668E-02  0.217508E-01  0.179999E+03  0.179892E-03
  0.839200E-01  0.517318E-02  0.201967E-01  0.723593E-02  0.160648E-01  0.180022E+03  0.357226E-03
  0.125880E+00  0.524843E-02  0.187197E-01  0.711519E-02  0.200673E-01  0.180029E+03  0.527063E-03
  0.167840E+00  0.599085E-02  0.223512E-01  0.612030E-02  0.267493E-01  0.180021E+03  0.594379E-03
  0.209800E+00  0.676396E-02  0.225155E-01  0.509886E-02  0.265966E-01  0.180037E+03  0.656899E-03
  0.251760E+00  0.754225E-02  0.226633E-01  0.415864E-02  0.264073E-01  0.180042E+03  0.757613E-03
  0.293720E+00  0.828683E-02  0.159931E-01  0.344386E-02  0.234852E-01  0.180066E+03  0.872471E-03
  0.335680E+00  0.798107E-02  0.249910E-01  0.352904E-02  0.198077E-01  0.180069E+03  0.993511E-03
  0.377640E+00  0.664794E-02  0.325841E-01  0.411023E-02  0.216503E-01  0.180058E+03  0.110421E-02
  0.419600E+00  0.531652E-02  0.324420E-01  0.471623E-02  0.218431E-01  0.180078E+03  0.118777E-02
