  0.000000E+00 -0.139885E+00  0.104019E+03  0.422692E-35  0.112329E-17  0.194777E-14  0.116843E-15
  0.419600E-01 -0.139882E+00  0.104019E+03  0.167293E-07  0.359927E-04  0.165217E-01  0.374340E-02
  0.839200E-01 -0.136210E+00  0.104018E+03  0.335114E-07  0.679953E-04  0.891358E-02  0.707248E-02
  0.125880E+00 -0.139863E+00  0.104018E+03  0.381947E-07  0.961573E-04  0.561022E-02  0.100020E-01
  0.167840E+00 -0.132523E+00  0.104018E+03  0.351414E-07  0.116660E-03  0.113828E-01  0.121339E-01
  0.209800E+00 -0.106866E+00  0.104017E+03  0.357016E-07  0.133272E-03  0.153066E-01  0.138609E-01
  0.251760E+00 -0.114181E+00  0.104017E+03  0.429211E-07  0.151213E-03  0.167923E-01  0.157265E-01
  0.293720E+00 -0.995111E-01  0.104016E+03  0.543742E-07  0.170223E-03  0.173329E-01  0.177032E-01
  0.335680E+00 -0.106822E+00  0.104015E+03  0.553627E-07  0.189465E-03  0.170373E-01  0.197043E-01
  0.377640E+00 -0.106807E+00  0.104014E+03  0.435238E-07  0.208630E-03  0.187010E-01  0.216966E-01
  0.419600E+00 -0.121450E+00  0.104012E+03  0.395777E-07  0.224335E-03  0.229960E-01  0.233274E-01
