  0.0000000000000000E+00  0.0000000000000000E+00  0.1007140786467037E+01  0.6699999999999925E+01  0.1188698616499545E+00  0.6393512214401602E-02
  0.4196000000000000E-01  0.7561718833722084E+02  0.1007140786467037E+01  0.6699999999999925E+01  0.1188698616499545E+00  0.6872992767844793E-02
  0.8391999999999999E-01  0.1512343766744417E+03  0.1007140786467037E+01  0.6699999999999925E+01  0.1188698616499545E+00  0.7436513990311987E-02
  0.1258800000000000E+00  0.2268515650116625E+03  0.1007140786467037E+01  0.6699999999999925E+01  0.1188698616499545E+00  0.7190075864045141E-02
  0.1678400000000000E+00  0.3024687533488834E+03  0.1007140786467037E+01  0.6699999999999925E+01  0.1188698616499545E+00  0.6135156415627436E-02
  0.2098000000000000E+00  0.3780859416861041E+03  0.1007140786467037E+01  0.6699999999999925E+01  0.1188698616499545E+00  0.6813857694947973E-02
  0.2517600000000000E+00  0.4537031300233249E+03  0.1007140786467037E+01  0.6699999999999925E+01  0.1188698616499545E+00  0.7582505197937003E-02
  0.2937200000000000E+00  0.5293203183605458E+03  0.1007140786467037E+01  0.6699999999999925E+01  0.1188698616499545E+00  0.8319942527012630E-02
  0.3356800000000000E+00  0.6049375066977666E+03  0.1007140786467037E+01  0.6699999999999925E+01  0.1188698616499545E+00  0.8020896457363405E-02
  0.3776400000000000E+00  0.6805546950349874E+03  0.1007140786467037E+01  0.6699999999999925E+01  0.1188698616499545E+00  0.6716189601862243E-02
  0.4196000000000000E+00  0.7561718833722082E+03  0.1007140786467037E+01  0.6699999999999925E+01  0.1188698616499545E+00  0.5538423700547901E-02
