  0.000000E+00  0.285775E-03  0.114721E-02  0.288248E-03  0.124846E-02  0.865506E-07  0.000000E+00
  0.419600E-01  0.242794E-03  0.114721E-02  0.237139E-03  0.124846E-02  0.865506E-07  0.000000E+00
  0.839200E-01  0.202776E-03  0.988637E-03  0.186193E-03  0.143117E-02  0.865506E-07  0.000000E+00
  0.125880E+00  0.190784E-03  0.575802E-03  0.116277E-03  0.206500E-02  0.865506E-07  0.000000E+00
  0.167840E+00  0.205562E-03  0.429697E-03  0.509016E-04  0.216189E-02  0.865506E-07  0.000000E+00
  0.209800E+00  0.222440E-03  0.429697E-03  0.739843E-04  0.216189E-02  0.865506E-07  0.000000E+00
  0.251760E+00  0.239695E-03  0.429697E-03  0.165065E-03  0.216189E-02  0.865506E-07  0.000000E+00
  0.293720E+00  0.255670E-03  0.498976E-03  0.256348E-03  0.240115E-02  0.865506E-07  0.000000E+00
  0.335680E+00  0.238916E-03  0.940908E-03  0.383444E-03  0.376143E-02  0.865506E-07  0.000000E+00
  0.377640E+00  0.190185E-03  0.116257E-02  0.555829E-03  0.415569E-02  0.865506E-07  0.000000E+00
  0.419600E+00  0.137404E-03  0.116257E-02  0.730159E-03  0.415569E-02  0.865506E-07  0.000000E+00
