  0.000000E+00  0.503703E-02  0.208672E-01  0.512185E-02  0.217936E-01  0.343762E-06  0.000000E+00
  0.419600E-01  0.437353E-02  0.208672E-01  0.439283E-02  0.217936E-01  0.343762E-06  0.000000E+00
  0.839200E-01  0.374553E-02  0.187131E-01  0.366835E-02  0.243715E-01  0.343762E-06  0.000000E+00
  0.125880E+00  0.394814E-02  0.179961E-01  0.265214E-02  0.346685E-01  0.343762E-06  0.000000E+00
  0.167840E+00  0.480111E-02  0.207808E-01  0.173744E-02  0.368746E-01  0.343762E-06  0.000000E+00
  0.209800E+00  0.567307E-02  0.207808E-01  0.175353E-02  0.368746E-01  0.343762E-06  0.000000E+00
  0.251760E+00  0.654503E-02  0.207808E-01  0.299282E-02  0.368746E-01  0.343762E-06  0.000000E+00
  0.293720E+00  0.738299E-02  0.148407E-01  0.439601E-02  0.404011E-01  0.343762E-06  0.000000E+00
  0.335680E+00  0.727679E-02  0.185926E-01  0.645960E-02  0.618421E-01  0.343762E-06  0.000000E+00
  0.377640E+00  0.623440E-02  0.256375E-01  0.928661E-02  0.683157E-01  0.343762E-06  0.000000E+00
  0.419600E+00  0.515865E-02  0.256375E-01  0.121457E-01  0.683157E-01  0.343762E-06  0.000000E+00
