  0.000000E+00  0.158335E-02  0.652620E-02  0.158603E-02  0.652211E-02  0.120542E+03  0.147550E-17
  0.419600E-01  0.136149E-02  0.636368E-02  0.182959E-02  0.670352E-02  0.120542E+03  0.510347E-04
  0.839200E-01  0.117319E-02  0.547961E-02  0.207984E-02  0.511280E-02  0.120540E+03  0.987365E-04
  0.125880E+00  0.117093E-02  0.549459E-02  0.207759E-02  0.513109E-02  0.120544E+03  0.141587E-03
  0.167840E+00  0.135525E-02  0.637149E-02  0.182344E-02  0.678401E-02  0.120540E+03  0.170607E-03
  0.209800E+00  0.157435E-02  0.653396E-02  0.157776E-02  0.661915E-02  0.120520E+03  0.194258E-03
  0.251760E+00  0.181507E-02  0.670841E-02  0.135677E-02  0.646762E-02  0.120528E+03  0.220792E-03
  0.293720E+00  0.206323E-02  0.511816E-02  0.117760E-02  0.557051E-02  0.120518E+03  0.250199E-03
  0.335680E+00  0.206116E-02  0.516701E-02  0.119763E-02  0.586559E-02  0.120527E+03  0.279600E-03
  0.377640E+00  0.180922E-02  0.679685E-02  0.141479E-02  0.689154E-02  0.120529E+03  0.307810E-03
  0.419600E+00  0.156565E-02  0.664046E-02  0.166799E-02  0.705562E-02  0.120543E+03  0.330242E-03
