  0.000000E+00  0.187500E-19  0.120259E-02  0.177964E-18  0.496080E-02  0.164430E+01  0.371119E-06
  0.419600E-01  0.139547E-07  0.103442E-02  0.665141E-06  0.480528E-02  0.125243E+01  0.371307E-06
  0.839200E-01  0.567790E-07  0.893716E-03  0.141460E-05  0.412939E-02  0.641846E+00  0.371822E-06
  0.125880E+00  0.140299E-06  0.895796E-03  0.262641E-05  0.418116E-02 -0.671463E+00  0.372267E-06
  0.167840E+00  0.279728E-06  0.104071E-02  0.390423E-05  0.487820E-02 -0.128810E+01  0.372714E-06
  0.209800E+00  0.465476E-06  0.121282E-02  0.494936E-05  0.503434E-02 -0.168339E+01  0.373323E-06
  0.251760E+00  0.699084E-06  0.140270E-02  0.618544E-05  0.521038E-02 -0.211271E+01  0.374335E-06
  0.293720E+00  0.978264E-06  0.159995E-02  0.640093E-05  0.399857E-02 -0.177374E+01  0.376141E-06
  0.335680E+00  0.116976E-05  0.160495E-02  0.258799E-05  0.380022E-02  0.164690E+01  0.378978E-06
  0.377640E+00  0.124623E-05  0.141723E-02  0.195181E-05  0.501810E-02  0.199322E+01  0.381800E-06
  0.419600E+00  0.133060E-05  0.123659E-02  0.206951E-05  0.486128E-02  0.158551E+01  0.383924E-06
