 -.854402E+00 -.154727E-16 0.550358E-17 -.196372E-16 -.557397E-16 0.854402E+00 -.782807E-02 0.464032E-02 -.951466E-03 -.190215E-02 -.312840E-16 0.137280E-16 0.374813E-16 0.897589E-16 -.194777E-14
 -.781460E+00 0.108826E-04 0.518669E-04 0.733410E-04 -.168745E-04 0.900636E+00 -.818957E-02 0.455897E-02 -.111683E-02 -.193775E-02 -.919261E-03 0.246373E-03 0.756585E-03 -.249156E-02 -.165194E-01
 -.540155E+00 0.432319E-04 0.105189E-03 0.217838E-03 0.570422E-04 0.867581E+00 -.848877E-02 0.320688E-02 -.121457E-02 -.214744E-02 -.102701E-02 0.221088E-03 0.535677E-03 -.319500E-02 -.891323E-02
 0.557454E+00 0.104303E-03 0.245406E-03 0.338920E-03 0.261945E-03 -.847069E+00 -.853954E-02 -.482205E-02 -.140136E-02 0.730285E-04 -.997747E-03 -.785984E-03 0.323534E-03 -.401726E-02 -.561013E-02
 0.789902E+00 0.208264E-03 0.389606E-03 0.405496E-03 0.322940E-03 -.885501E+00 -.847022E-02 -.595864E-02 -.140378E-02 0.445544E-03 -.113756E-02 -.827474E-03 0.734852E-04 -.269696E-02 -.113820E-01
 0.859745E+00 0.369093E-03 0.610276E-03 0.563196E-03 0.454912E-03 -.830902E+00 -.819729E-02 -.606749E-02 -.145333E-02 0.394555E-03 -.112350E-02 -.363199E-03 0.144877E-03 -.319948E-02 -.153048E-01
 0.903863E+00 0.597440E-03 0.913370E-03 0.699216E-03 0.553382E-03 -.748806E+00 -.777920E-02 -.595587E-02 -.150786E-02 0.430242E-03 -.805092E-03 0.454239E-03 0.529371E-04 -.390552E-02 -.167899E-01
 0.871099E+00 0.899253E-03 0.138212E-02 0.111276E-02 0.880704E-03 -.475339E+00 -.739293E-02 -.504944E-02 -.153961E-02 0.173498E-04 -.565964E-03 0.116891E-02 -.792167E-04 -.525923E-02 -.173303E-01
 -.854765E+00 0.123265E-02 -.325489E-03 0.203584E-02 -.125916E-02 0.644926E+00 -.715318E-02 0.769100E-02 -.150595E-02 -.128470E-02 -.282371E-03 0.200956E-02 -.477353E-03 -.451922E-02 -.170348E-01
 -.893818E+00 0.150738E-02 -.765105E-03 0.204014E-02 -.142969E-02 0.836142E+00 -.687072E-02 0.768714E-02 -.133258E-02 -.113636E-02 0.619454E-04 0.129121E-02 -.927990E-03 -.363947E-02 -.186978E-01
 -.845821E+00 0.171439E-02 -.912548E-03 0.204274E-02 -.143260E-02 0.891363E+00 -.626316E-02 0.737676E-02 -.107823E-02 -.760444E-03 0.500245E-03 0.948869E-03 -.123130E-02 -.315804E-02 -.229899E-01
