  0.0000000000000000E+00  0.3711189607311903E-06  0.3711189607311605E-06  0.1245299379542105E-18  0.1377292830141877E-12  0.1715071488080577E-31
  0.4196000000000000E-01  0.3713069639615611E-06  0.3718436217256182E-06  0.3989670246204820E-05  0.1380681239388731E-12  0.5508083433953817E-18
  0.8391999999999999E-01  0.3718220568895480E-06  0.3745977078963733E-06  0.7537776807739662E-05  0.1392836777561012E-12  0.1049817282400589E-17
  0.1258800000000000E+00  0.3722670925913774E-06  0.3800200651997246E-06  0.1065997091635966E-04  0.1414688952211822E-12  0.1507956072189831E-17
  0.1678400000000000E+00  0.3727139656148032E-06  0.3860957569705442E-06  0.1293221769052068E-04  0.1439031157415351E-12  0.1860882309155031E-17
  0.2098000000000000E+00  0.3733225112328120E-06  0.3911804147028849E-06  0.1477284222911966E-04  0.1460362008749600E-12  0.2157252186508502E-17
  0.2517600000000000E+00  0.3743347141997285E-06  0.3947215438506458E-06  0.1676110997464890E-04  0.1477576354617928E-12  0.2476441831122020E-17
  0.2937200000000000E+00  0.3761412661332084E-06  0.3966284359666399E-06  0.1886791567348104E-04  0.1491879069180267E-12  0.2814703851774683E-17
  0.3356800000000000E+00  0.3789776573846341E-06  0.3972468103719067E-06  0.2100057591445666E-04  0.1505472045682544E-12  0.3161411000873783E-17
  0.3776400000000000E+00  0.3817997322553630E-06  0.3970183284516735E-06  0.2312397132845972E-04  0.1515810275315717E-12  0.3504982804200679E-17
  0.4196000000000000E+00  0.3839244959530928E-06  0.3962047195645919E-06  0.2486207701945913E-04  0.1521122544784461E-12  0.3781665595116354E-17
