  0.000000E+00  0.169887E-03  0.476472E-03  0.931230E-04  0.710391E-03  0.113578E+03  0.117639E-18
  0.419600E-01  0.153955E-03  0.505382E-03  0.124791E-03  0.739658E-03  0.113578E+03  0.269629E-04
  0.839200E-01  0.135748E-03  0.538590E-03  0.158808E-03  0.600922E-03  0.113575E+03  0.514103E-04
  0.125880E+00  0.131174E-03  0.280418E-03  0.174185E-03  0.295969E-03  0.113579E+03  0.694596E-04
  0.167840E+00  0.140128E-03  0.415613E-03  0.168404E-03  0.490863E-03  0.113574E+03  0.731979E-04
  0.209800E+00  0.147236E-03  0.440738E-03  0.160749E-03  0.529266E-03  0.113553E+03  0.544239E-04
  0.251760E+00  0.152428E-03  0.459059E-03  0.150608E-03  0.556170E-03  0.113561E+03  0.817221E-04
  0.293720E+00  0.155534E-03  0.383934E-03  0.137040E-03  0.495221E-03  0.113550E+03  0.119282E-03
  0.335680E+00  0.137731E-03  0.596297E-03  0.134137E-03  0.754455E-03  0.113557E+03  0.145503E-03
  0.377640E+00  0.987758E-04  0.724379E-03  0.139128E-03  0.844288E-03  0.113558E+03  0.162523E-03
  0.419600E+00  0.363768E-04  0.696993E-03  0.132282E-03  0.858250E-03  0.113571E+03  0.171103E-03
