  0.000000E+00  0.255389E-19  0.120259E-02 -0.181973E-18  0.496080E-02 -0.164430E+01  0.371119E-06
  0.419600E-01  0.388513E-07  0.138902E-02  0.185182E-05  0.514546E-02 -0.207245E+01  0.371844E-06
  0.839200E-01  0.154898E-06  0.158368E-02  0.357369E-05  0.397303E-02 -0.174460E+01  0.374598E-06
  0.125880E+00  0.337146E-06  0.158928E-02  0.498115E-05  0.375797E-02  0.159378E+01  0.380020E-06
  0.167840E+00  0.577424E-06  0.140551E-02  0.674329E-05  0.493838E-02  0.190579E+01  0.386096E-06
  0.209800E+00  0.893153E-06  0.123026E-02  0.830572E-05  0.477329E-02  0.149330E+01  0.391180E-06
  0.251760E+00  0.126622E-05  0.107381E-02  0.947635E-05  0.463260E-02  0.112978E+01  0.394722E-06
  0.293720E+00  0.168812E-05  0.945469E-03  0.118775E-04  0.398281E-02  0.540280E+00  0.396628E-06
  0.335680E+00  0.236714E-05  0.966344E-03  0.209764E-04  0.449298E-02 -0.843874E+00  0.397247E-06
  0.377640E+00  0.334392E-05  0.113675E-02  0.237141E-04  0.531859E-02 -0.152438E+01  0.397018E-06
  0.419600E+00  0.434415E-05  0.133290E-02  0.239610E-04  0.547750E-02 -0.196643E+01  0.396205E-06
