  0.000000E+00  0.409735E-23  0.740756E-07  0.000000E+00  0.000000E+00           NaN  0.000000E+00
  0.419600E-01  0.409735E-23  0.740756E-07  0.000000E+00  0.000000E+00           NaN  0.000000E+00
  0.839200E-01  0.409735E-23  0.740756E-07  0.000000E+00  0.000000E+00           NaN  0.000000E+00
  0.125880E+00  0.409735E-23  0.740756E-07  0.000000E+00  0.000000E+00           NaN  0.000000E+00
  0.167840E+00  0.409735E-23  0.740756E-07  0.000000E+00  0.000000E+00           NaN  0.000000E+00
  0.209800E+00  0.409735E-23  0.740756E-07  0.000000E+00  0.000000E+00           NaN  0.000000E+00
  0.251760E+00  0.409735E-23  0.740756E-07  0.000000E+00  0.000000E+00           NaN  0.000000E+00
  0.293720E+00  0.409735E-23  0.740756E-07  0.000000E+00  0.000000E+00           NaN  0.000000E+00
  0.335680E+00  0.409735E-23  0.740756E-07  0.000000E+00  0.000000E+00           NaN  0.000000E+00
  0.377640E+00  0.409735E-23  0.740756E-07  0.000000E+00  0.000000E+00           NaN  0.000000E+00
  0.419600E+00  0.409735E-23  0.740756E-07  0.000000E+00  0.000000E+00           NaN  0.000000E+00
