  0.000000E+00 -0.260721E-19  0.120260E-02 -0.611719E-19  0.496080E-02  0.164429E+01  0.371122E-06
  0.419600E-01 -0.524902E-20  0.103044E-02 -0.611719E-19  0.496080E-02  0.131118E+01  0.371122E-06
  0.839200E-01 -0.352182E-19  0.869909E-03  0.200128E-18  0.561642E-02  0.121821E+01  0.371122E-06
  0.125880E+00 -0.301963E-19  0.632251E-03 -0.131938E-18  0.826709E-02  0.135756E+01  0.371122E-06
  0.167840E+00 -0.162130E-19  0.389304E-03  0.192578E-18  0.873513E-02  0.450986E+00  0.371122E-06
  0.209800E+00 -0.617373E-22  0.410580E-03  0.192578E-18  0.873513E-02 -0.581821E+00  0.371122E-06
  0.251760E+00  0.459832E-20  0.674001E-03  0.192578E-18  0.873513E-02 -0.161463E+01  0.371122E-06
  0.293720E+00  0.152685E-19  0.100877E-02  0.169395E-18  0.962422E-02 -0.296792E+01  0.371122E-06
  0.335680E+00  0.212827E-19  0.150187E-02  0.423734E-18  0.148427E-01 -0.712112E+01  0.371122E-06
  0.377640E+00  0.369144E-19  0.217771E-02  0.407934E-18  0.163755E-01 -0.114603E+02  0.371122E-06
  0.419600E+00  0.201850E-19  0.286285E-02  0.407934E-18  0.163755E-01 -0.150900E+02  0.371122E-06
