  0.0000000000000000E+00  0.3711223908918515E-06  0.3711223908918510E-06  0.0000000000000000E+00  0.1377318290212841E-12  0.0000000000000000E+00
  0.4196000000000000E-01  0.3711223908918464E-06  0.3711223908918528E-06  0.0000000000000000E+00  0.1377318290212828E-12  0.0000000000000000E+00
  0.8391999999999999E-01  0.3711223908918525E-06  0.3711223908918366E-06  0.0000000000000000E+00  0.1377318290212791E-12  0.0000000000000000E+00
  0.1258800000000000E+00  0.3711223908918494E-06  0.3711223908918469E-06  0.0000000000000000E+00  0.1377318290212818E-12  0.0000000000000000E+00
  0.1678400000000000E+00  0.3711223908918584E-06  0.3711223908918520E-06  0.0000000000000000E+00  0.1377318290212870E-12  0.0000000000000000E+00
  0.2098000000000000E+00  0.3711223908918502E-06  0.3711223908918500E-06  0.0000000000000000E+00  0.1377318290212831E-12  0.0000000000000000E+00
  0.2517600000000000E+00  0.3711223908918568E-06  0.3711223908918550E-06  0.0000000000000000E+00  0.1377318290212875E-12  0.0000000000000000E+00
  0.2937200000000000E+00  0.3711223908918384E-06  0.3711223908918400E-06  0.0000000000000000E+00  0.1377318290212752E-12  0.0000000000000000E+00
  0.3356800000000000E+00  0.3711223908918277E-06  0.3711223908917404E-06  0.0000000000000000E+00  0.1377318290212342E-12  0.0000000000000000E+00
  0.3776400000000000E+00  0.3711223908918502E-06  0.3711223908927173E-06  0.0000000000000000E+00  0.1377318290216056E-12  0.0000000000000000E+00
  0.4196000000000000E+00  0.3711223908918442E-06  0.3711223908925956E-06  0.0000000000000000E+00  0.1377318290215581E-12  0.0000000000000000E+00
