 -.854400E+00 -.706264E-17 -.180269E-17 0.441425E-16 -.209869E-16 -.854400E+00 -.126037E-15 0.430841E-16 -.190832E-16 0.770758E-16          NaN          NaN          NaN          NaN          NaN
 -.795139E+00 0.108985E-16 -.471618E-17 0.381231E-16 -.209869E-16 -.795139E+00 -.819324E-16 0.430841E-16 0.425761E-17 0.770758E-16          NaN          NaN          NaN          NaN          NaN
 -.592140E+00 -.287059E-16 -.231877E-16 0.275092E-16 -.246756E-16 -.772935E+00 -.660093E-16 0.131713E-16 -.927817E-18 0.530294E-16          NaN          NaN          NaN          NaN          NaN
 0.436938E+00 -.512941E-17 -.178694E-16 0.228847E-16 0.749814E-17 -.805144E+00 -.151623E-15 -.114373E-15 0.169786E-16 0.357328E-16          NaN          NaN          NaN          NaN          NaN
 0.702978E+00 -.324595E-17 -.400995E-16 0.188046E-16 0.181840E-16 -.411112E+00 -.126316E-15 -.114954E-15 0.554009E-16 0.385059E-16          NaN          NaN          NaN          NaN          NaN
 0.782669E+00 0.602583E-17 -.362917E-16 0.606350E-18 0.181840E-16 0.502895E+00 -.161072E-15 -.114954E-15 0.103087E-15 0.385059E-16          NaN          NaN          NaN          NaN          NaN
 0.836479E+00 0.108906E-16 -.103152E-16 0.194764E-16 0.181840E-16 0.850155E+00 -.159020E-15 -.114954E-15 0.960831E-16 0.385059E-16          NaN          NaN          NaN          NaN          NaN
 0.755409E+00 0.122422E-16 -.143174E-16 0.214705E-16 -.688484E-17 0.947654E+00 -.119308E-15 -.104134E-15 0.535728E-16 0.434988E-16          NaN          NaN          NaN          NaN          NaN
 -.848496E+00 0.118170E-16 -.912855E-18 0.196255E-16 -.149594E-16 0.990284E+00 -.125915E-15 0.148874E-15 0.630393E-16 0.441161E-16          NaN          NaN          NaN          NaN          NaN
 -.878038E+00 0.213816E-16 -.144726E-16 0.106299E-16 -.183438E-16 0.996215E+00 -.164315E-15 0.152302E-15 0.534228E-16 0.330610E-16          NaN          NaN          NaN          NaN          NaN
 -.821972E+00 0.271749E-17 -.237343E-16 0.206726E-16 -.183438E-16 0.997811E+00 -.130473E-15 0.152302E-15 0.477149E-16 0.330610E-16          NaN          NaN          NaN          NaN          NaN
