  0.0000000000000000E+00  0.0000000000000000E+00  0.1007140784107761E+01  0.6700000000000077E+01  0.1188698422215767E+00  0.5913047878203330E-02
  0.4196000000000000E-01  0.0000000000000000E+00  0.1007140784107761E+01  0.6700000000000077E+01  0.1188698422215767E+00  0.4971783536202531E-02
  0.8391999999999999E-01  0.0000000000000000E+00  0.1007140784107761E+01  0.6700000000000077E+01  0.1188698422215767E+00  0.4039249001938452E-02
  0.1258800000000000E+00  0.0000000000000000E+00  0.1007140784107761E+01  0.6700000000000077E+01  0.1188698422215767E+00  0.4051759517988476E-02
  0.1678400000000000E+00  0.0000000000000000E+00  0.1007140784107761E+01  0.6700000000000077E+01  0.1188698422215767E+00  0.4813369484135942E-02
  0.2098000000000000E+00  0.0000000000000000E+00  0.1007140784107761E+01  0.6700000000000077E+01  0.1188698422215767E+00  0.5677634637444528E-02
  0.2517600000000000E+00  0.0000000000000000E+00  0.1007140784107761E+01  0.6700000000000077E+01  0.1188698422215767E+00  0.6593569952703822E-02
  0.2937200000000000E+00  0.0000000000000000E+00  0.1007140784107761E+01  0.6700000000000077E+01  0.1188698422215767E+00  0.7510033743034211E-02
  0.3356800000000000E+00  0.0000000000000000E+00  0.1007140784107761E+01  0.6700000000000077E+01  0.1188698422215767E+00  0.7586608443401904E-02
  0.3776400000000000E+00  0.0000000000000000E+00  0.1007140784107761E+01  0.6700000000000077E+01  0.1188698422215767E+00  0.9500463518912212E-02
  0.4196000000000000E+00  0.0000000000000000E+00  0.1007140784107761E+01  0.6700000000000077E+01  0.1188698422215767E+00  0.1225391718909939E-01
