  0.000000E+00  0.158500E-02  0.653547E-02  0.158146E-02  0.653276E-02  0.974833E-07  0.000000E+00
  0.419600E-01  0.135781E-02  0.653547E-02  0.135500E-02  0.653276E-02  0.974833E-07  0.000000E+00
  0.839200E-01  0.115679E-02  0.576862E-02  0.114409E-02  0.739444E-02  0.974833E-07  0.000000E+00
  0.125880E+00  0.113288E-02  0.526985E-02  0.832083E-03  0.108749E-01  0.974833E-07  0.000000E+00
  0.167840E+00  0.128620E-02  0.586549E-02  0.512624E-03  0.114893E-01  0.974833E-07  0.000000E+00
  0.209800E+00  0.146918E-02  0.586549E-02  0.540029E-03  0.114893E-01  0.974833E-07  0.000000E+00
  0.251760E+00  0.166850E-02  0.586549E-02  0.887654E-03  0.114893E-01  0.974833E-07  0.000000E+00
  0.293720E+00  0.187036E-02  0.437728E-02  0.132824E-02  0.126599E-01  0.974833E-07  0.000000E+00
  0.335680E+00  0.184127E-02  0.550676E-02  0.197702E-02  0.195300E-01  0.974833E-07  0.000000E+00
  0.377640E+00  0.158385E-02  0.707546E-02  0.286634E-02  0.215478E-01  0.974833E-07  0.000000E+00
  0.419600E+00  0.133114E-02  0.707546E-02  0.376789E-02  0.215478E-01  0.974833E-07  0.000000E+00
