  0.000000E+00 -0.330227E-20  0.120260E-02  0.272519E-19  0.496080E-02  0.164429E+01  0.371122E-06
  0.419600E-01  0.845035E-20  0.103044E-02  0.272519E-19  0.496080E-02  0.131118E+01  0.371122E-06
  0.839200E-01  0.161490E-19  0.878287E-03  0.626554E-19  0.437999E-02  0.734815E+00  0.371122E-06
  0.125880E+00 -0.598446E-20  0.860713E-03  0.572843E-19  0.400405E-02 -0.485761E+00  0.371122E-06
  0.167840E+00  0.405862E-19  0.977732E-03  0.181590E-18  0.445797E-02 -0.988423E+00  0.371122E-06
  0.209800E+00  0.228744E-19  0.111718E-02  0.181590E-18  0.445797E-02 -0.125742E+01  0.371122E-06
  0.251760E+00  0.348613E-19  0.126893E-02  0.181590E-18  0.445797E-02 -0.152642E+01  0.371122E-06
  0.293720E+00  0.454603E-19  0.142253E-02  0.637083E-19  0.332571E-02 -0.115285E+01  0.371122E-06
  0.335680E+00  0.187285E-19  0.140041E-02 -0.472656E-19  0.418292E-02  0.160335E+01  0.371122E-06
  0.377640E+00 -0.764551E-20  0.120457E-02 -0.778626E-20  0.537723E-02  0.183463E+01  0.371122E-06
  0.419600E+00  0.240397E-19  0.101224E-02 -0.778626E-20  0.537723E-02  0.144325E+01  0.371122E-06
