 -.854400E+00 -.881780E-07 0.615815E-07 -.420757E-07 0.293848E-07 0.854400E+00 -.417445E-01 0.414786E-01 -.102452E-01 0.449392E-03 0.234341E-06 -.163658E-06 0.100242E-05 0.478322E-06 -.108100E-03
 -.789091E+00 -.182215E-04 -.105615E-04 -.945241E-05 -.634209E-04 0.895885E+00 -.402005E-01 0.417320E-01 -.887819E-02 0.330029E-03 -.141623E-01 0.223244E-01 -.469701E-02 0.182892E-02 0.949622E+00
 -.568188E+00 -.501750E-04 -.436187E-04 -.415522E-04 -.192849E-03 0.850361E+00 -.372019E-01 0.397161E-01 -.778037E-02 0.353841E-02 -.124709E-01 0.241014E-01 -.382591E-02 0.439189E-02 0.949834E+00
 0.500614E+00 -.886316E-04 -.110364E-03 0.724248E-04 -.142777E-03 -.871570E+00 -.324445E-01 0.900980E-02 -.677190E-02 0.155511E-01 -.979350E-02 0.152287E-01 -.303945E-02 0.100912E-01 0.950800E+00
 0.751217E+00 -.145251E-03 -.188364E-03 -.305320E-05 -.103262E-03 -.904727E+00 -.274626E-01 0.183662E-02 -.552614E-02 0.135233E-01 -.716865E-02 0.112838E-01 -.229156E-02 0.858488E-02 0.952959E+00
 0.826226E+00 -.250446E-03 -.303920E-03 -.850464E-04 -.141716E-03 -.862925E+00 -.231746E-01 0.178055E-02 -.383674E-02 0.135677E-01 -.508827E-02 0.109566E-01 -.141183E-02 0.887713E-02 0.955896E+00
 0.875046E+00 -.421013E-03 -.480613E-03 -.160481E-03 -.158599E-03 -.794113E+00 -.196183E-01 0.177179E-02 -.149419E-02 0.136140E-01 -.344676E-02 0.107124E-01 -.173878E-03 0.924447E-02 0.959223E+00
 0.821011E+00 -.677635E-03 -.710137E-03 -.374294E-03 -.249953E-03 -.575862E+00 -.166857E-01 0.935296E-02 0.178517E-02 0.154953E-01 -.216855E-02 0.151695E-01 0.164925E-02 0.111230E-01 0.962723E+00
 -.858104E+00 -.974669E-03 0.735082E-03 -.109445E-02 0.966805E-03 0.406451E+00 -.140268E-01 0.332117E-01 0.567412E-02 0.198511E-01 -.104434E-02 0.167984E-01 0.392190E-02 0.147015E-01 0.966238E+00
 -.891654E+00 -.117482E-02 0.100892E-02 -.111201E-02 0.111252E-02 0.695013E+00 -.108925E-01 0.287359E-01 0.872427E-02 0.188220E-01 0.402935E-03 0.141698E-01 0.570234E-02 0.139009E-01 0.969714E+00
 -.843334E+00 -.125519E-02 0.112843E-02 -.102797E-02 0.112259E-02 0.791215E+00 -.674750E-02 0.286188E-01 0.107345E-01 0.184378E-01 0.260906E-02 0.155562E-01 0.684859E-02 0.135568E-01 0.973039E+00
