  0.000000E+00 -0.282474E-07  0.120260E-02 -0.556008E-07  0.496080E-02 -0.164429E+01  0.371122E-06
  0.419600E-01 -0.328395E-07  0.138634E-02 -0.556045E-07  0.503354E-02 -0.201646E+01  0.371167E-06
  0.839200E-01 -0.367085E-07  0.157273E-02 -0.197217E-07  0.374834E-02 -0.161604E+01  0.371369E-06
  0.125880E+00 -0.735302E-07  0.156551E-02  0.222422E-06  0.404456E-02  0.177773E+01  0.371643E-06
  0.167840E+00 -0.137166E-06  0.136533E-02  0.293446E-06  0.534230E-02  0.212382E+01  0.371987E-06
  0.209800E+00 -0.200819E-06  0.116826E-02  0.293444E-06  0.526848E-02  0.170764E+01  0.372360E-06
  0.251760E+00 -0.265081E-06  0.985799E-03  0.293442E-06  0.519616E-02  0.130660E+01  0.372711E-06
  0.293720E+00 -0.331795E-06  0.829408E-03 -0.326028E-07  0.459443E-02  0.704377E+00  0.372971E-06
  0.335680E+00 -0.451141E-06  0.809909E-03 -0.170111E-05  0.421006E-02 -0.444854E+00  0.372973E-06
  0.377640E+00 -0.641514E-06  0.927697E-03 -0.215259E-05  0.466792E-02 -0.966643E+00  0.372751E-06
  0.419600E+00 -0.836473E-06  0.107487E-02 -0.215259E-05  0.473331E-02 -0.129381E+01  0.372484E-06
