  0.0000000000000000E+00  0.0000000000000000E+00  0.1007140784107761E+01  0.6700000000000077E+01  0.1188698422215767E+00  0.6297664846712902E-02
  0.4196000000000000E-01  0.0000000000000000E+00  0.1007140784107761E+01  0.6700000000000077E+01  0.1188698422215767E+00  0.6795317482076889E-02
  0.8391999999999999E-01  0.0000000000000000E+00  0.1007140784107761E+01  0.6700000000000077E+01  0.1188698422215767E+00  0.7342110090853978E-02
  0.1258800000000000E+00  0.0000000000000000E+00  0.1007140784107761E+01  0.6700000000000077E+01  0.1188698422215767E+00  0.7099194825782649E-02
  0.1678400000000000E+00  0.0000000000000000E+00  0.1007140784107761E+01  0.6700000000000077E+01  0.1188698422215767E+00  0.6032320697284892E-02
  0.2098000000000000E+00  0.0000000000000000E+00  0.1007140784107761E+01  0.6700000000000077E+01  0.1188698422215767E+00  0.4942266389786281E-02
  0.2517600000000000E+00  0.0000000000000000E+00  0.1007140784107761E+01  0.6700000000000077E+01  0.1188698422215767E+00  0.5020554949740855E-02
  0.2937200000000000E+00  0.0000000000000000E+00  0.1007140784107761E+01  0.6700000000000077E+01  0.1188698422215767E+00  0.5736973463767628E-02
  0.3356800000000000E+00  0.0000000000000000E+00  0.1007140784107761E+01  0.6700000000000077E+01  0.1188698422215767E+00  0.5871032641597237E-02
  0.3776400000000000E+00  0.0000000000000000E+00  0.1007140784107761E+01  0.6700000000000077E+01  0.1188698422215767E+00  0.5361937812871065E-02
  0.4196000000000000E+00  0.0000000000000000E+00  0.1007140784107761E+01  0.6700000000000077E+01  0.1188698422215767E+00  0.4880599348094030E-02
