  0.000000E+00  0.358446E-03  0.208991E-02  0.682085E-04  0.155979E-02  0.112944E+03  0.245354E-18
  0.419600E-01  0.261678E-03  0.206786E-02  0.216042E-03  0.157890E-02  0.113174E+03  0.446574E-03
  0.839200E-01  0.158975E-03  0.178302E-02  0.300088E-03  0.129084E-02  0.113865E+03  0.882499E-03
  0.125880E+00  0.422857E-04  0.142095E-02  0.331607E-03  0.989074E-03  0.115016E+03  0.127958E-02
  0.167840E+00  0.131519E-03  0.167454E-02  0.316918E-03  0.113073E-02  0.116629E+03  0.161057E-02
  0.209800E+00  0.230450E-03  0.169122E-02  0.300177E-03  0.115661E-02  0.118704E+03  0.187146E-02
  0.251760E+00  0.318231E-03  0.170517E-02  0.283232E-03  0.118099E-02  0.121243E+03  0.207522E-02
  0.293720E+00  0.399433E-03  0.123074E-02  0.268333E-03  0.122147E-02  0.124245E+03  0.223655E-02
  0.335680E+00  0.426561E-03  0.249011E-03  0.289338E-03  0.159613E-02  0.127713E+03  0.238731E-02
  0.377640E+00  0.396613E-03  0.282998E-03  0.348928E-03  0.181440E-02  0.131644E+03  0.252411E-02
  0.419600E+00  0.359954E-03  0.371103E-03  0.413353E-03  0.182488E-02  0.136033E+03  0.260577E-02
