  0.000000E+00  0.124104E+01  0.104659E+03  0.701190E-22  0.112329E-17  0.108100E-03  0.117562E-15
  0.419600E-01  0.124104E+01  0.104869E+03 -0.106941E-10  0.137991E-02 -0.303007E+01  0.453517E-01
  0.839200E-01  0.124104E+01  0.105497E+03  0.710646E-10  0.275749E-02 -0.303699E+01  0.909826E-01
  0.125880E+00  0.124104E+01  0.106544E+03  0.118473E-09  0.412806E-02 -0.306902E+01  0.136258E+00
  0.167840E+00  0.124104E+01  0.108008E+03  0.226104E-09  0.548935E-02 -0.314406E+01  0.179705E+00
  0.209800E+00  0.124104E+01  0.109890E+03  0.225746E-09  0.683772E-02 -0.325460E+01  0.220690E+00
  0.251760E+00  0.124104E+01  0.112189E+03  0.219670E-09  0.817184E-02 -0.339366E+01  0.259132E+00
  0.293720E+00  0.124104E+01  0.114904E+03  0.160811E-09  0.948966E-02 -0.355921E+01  0.294939E+00
  0.335680E+00  0.124104E+01  0.118032E+03  0.237874E-09  0.107910E-01 -0.375019E+01  0.328166E+00
  0.377640E+00  0.124104E+01  0.121572E+03  0.226955E-09  0.120739E-01 -0.397027E+01  0.358515E+00
  0.419600E+00  0.124104E+01  0.125520E+03  0.300862E-09  0.133327E-01 -0.421888E+01  0.385980E+00
