  0.000000E+00  0.157868E-02  0.647915E-02  0.158245E-02  0.650219E-02  0.119857E+03  0.148760E-17
  0.419600E-01  0.135720E-02  0.640132E-02  0.182204E-02  0.657831E-02  0.120101E+03  0.173126E-02
  0.839200E-01  0.116602E-02  0.557157E-02  0.206382E-02  0.488708E-02  0.120836E+03  0.346328E-02
  0.125880E+00  0.115691E-02  0.541275E-02  0.205072E-02  0.538306E-02  0.122063E+03  0.518762E-02
  0.167840E+00  0.133055E-02  0.618004E-02  0.178406E-02  0.711891E-02  0.123784E+03  0.689039E-02
  0.209800E+00  0.153668E-02  0.625627E-02  0.152099E-02  0.704369E-02  0.126000E+03  0.856598E-02
  0.251760E+00  0.176146E-02  0.633237E-02  0.127760E-02  0.696659E-02  0.128716E+03  0.102162E-01
  0.293720E+00  0.199041E-02  0.472992E-02  0.107101E-02  0.618158E-02  0.131934E+03  0.118425E-01
  0.335680E+00  0.197469E-02  0.537397E-02  0.104685E-02  0.553957E-02  0.135656E+03  0.134464E-01
  0.377640E+00  0.171550E-02  0.700805E-02  0.120428E-02  0.613089E-02  0.139882E+03  0.150153E-01
  0.419600E+00  0.146124E-02  0.693207E-02  0.140026E-02  0.620461E-02  0.144609E+03  0.165432E-01
