  0.000000E+00  0.503281E-02  0.172628E-01  0.566299E-02  0.179703E-01  0.179990E+03  0.402675E-17
  0.419600E-01  0.432656E-02  0.172088E-01  0.641239E-02  0.180010E-01  0.180484E+03  0.327859E-02
  0.839200E-01  0.364021E-02  0.141890E-01  0.713012E-02  0.119081E-01  0.181996E+03  0.653798E-02
  0.125880E+00  0.339941E-02  0.175786E-01  0.694596E-02  0.197981E-01  0.184566E+03  0.985268E-02
  0.167840E+00  0.384736E-02  0.200999E-01  0.587375E-02  0.264794E-01  0.188187E+03  0.129672E-01
  0.209800E+00  0.439787E-02  0.201849E-01  0.477144E-02  0.264332E-01  0.192851E+03  0.161942E-01
  0.251760E+00  0.496833E-02  0.202497E-01  0.367148E-02  0.263669E-01  0.198524E+03  0.192720E-01
  0.293720E+00  0.563677E-02  0.148443E-01  0.259062E-02  0.236120E-01  0.205161E+03  0.222483E-01
  0.335680E+00  0.573564E-02  0.165105E-01  0.249750E-02  0.140843E-01  0.212710E+03  0.252786E-01
  0.377640E+00  0.512080E-02  0.210612E-01  0.300512E-02  0.152809E-01  0.221088E+03  0.281351E-01
  0.419600E+00  0.448158E-02  0.209649E-01  0.363200E-02  0.153335E-01  0.230199E+03  0.310058E-01
