  0.000000E+00 -0.660357E-08  0.120260E-02  0.190239E-07  0.496080E-02  0.164429E+01  0.371122E-06
  0.419600E-01 -0.214373E-06  0.103251E-02  0.190213E-07  0.488933E-02  0.128459E+01  0.371253E-06
  0.839200E-01 -0.423011E-06  0.886073E-03 -0.395008E-06  0.425511E-02  0.690471E+00  0.371441E-06
  0.125880E+00 -0.584935E-06  0.878397E-03 -0.254303E-05  0.408124E-02 -0.578296E+00  0.371533E-06
  0.167840E+00 -0.722970E-06  0.100952E-02 -0.312999E-05  0.465652E-02 -0.113811E+01  0.371465E-06
  0.209800E+00 -0.863659E-06  0.116536E-02 -0.312999E-05  0.472575E-02 -0.146666E+01  0.371416E-06
  0.251760E+00 -0.100446E-05  0.133575E-02 -0.312999E-05  0.479801E-02 -0.180780E+01  0.371390E-06
  0.293720E+00 -0.114039E-05  0.150995E-02 -0.202178E-05  0.359885E-02 -0.143807E+01  0.371414E-06
  0.335680E+00 -0.121621E-05  0.149930E-02  0.315462E-05  0.403135E-02  0.167117E+01  0.371553E-06
  0.377640E+00 -0.121712E-05  0.130465E-02  0.433185E-05  0.525369E-02  0.196955E+01  0.371491E-06
  0.419600E+00 -0.121455E-05  0.111436E-02  0.433185E-05  0.518099E-02  0.156931E+01  0.371440E-06
