  0.0000000000000000E+00  0.3711223867218424E-06  0.3711222840108343E-06  0.1252962629613481E-18  0.1377317878077613E-12  0.1723753883329488E-31
  0.4196000000000000E-01  0.3712528597362554E-06  0.3711672879424071E-06  0.4833527512092291E-04  0.1377969147570661E-12  0.6631873877437822E-17
  0.8391999999999999E-01  0.3714406256976532E-06  0.3713688836222264E-06  0.9696819111395734E-04  0.1379414809417499E-12  0.1332264844391924E-16
  0.1258800000000000E+00  0.3715334967803346E-06  0.3716427044534321E-06  0.1452224926593982E-03  0.1380776911412236E-12  0.1997752912246777E-16
  0.1678400000000000E+00  0.3714649762109502E-06  0.3719869026057679E-06  0.1915274646293466E-03  0.1381800705354529E-12  0.2637135750356831E-16
  0.2098000000000000E+00  0.3714155983207486E-06  0.3723604895961470E-06  0.2352086372161735E-03  0.1383004425463802E-12  0.3241799145468371E-16
  0.2517600000000000E+00  0.3713896181529499E-06  0.3727105529227491E-06  0.2761798804600650E-03  0.1384207588664913E-12  0.3810208415120279E-16
  0.2937200000000000E+00  0.3714140038883849E-06  0.3729705294529045E-06  0.3143421538088363E-03  0.1385263799663533E-12  0.4340494198388888E-16
  0.3356800000000000E+00  0.3715527198457297E-06  0.3729729269942169E-06  0.3497560764775181E-03  0.1385789949697703E-12  0.4831980434419704E-16
  0.3776400000000000E+00  0.3714909495942122E-06  0.3727506934641777E-06  0.3821007341287873E-03  0.1384733870375149E-12  0.5275551063586697E-16
  0.4196000000000000E+00  0.3714401330054262E-06  0.3724840538549974E-06  0.4113730761055176E-03  0.1383553904044961E-12  0.5675798154137719E-16
